11111100
11111011
00001000
00000011
11111010
00010011
11111111
00011101
11111011
00000101
00001111
00010110
00101000
11110111
11111000
11100011
00001101
00001100
11111110
00000001
11110100
11110101
00001010
11111011
11100011
00001110
00001011
00000100
00000001
00000101
00010100
00010101
00010110
11111011
11110100
11100101
00000111
11110110
11110100
00001001
11101111
11101111
11001110
11011100
00000101
11111101
11100111
11011101
11011100
00000111
00100101
00010100
11110111
00001010
00000011
11101000
00000011
00000011
00011000
11110000
11101111
11101010
11111101
00000000